Total Time Set:

	18000.0

Average Speed Set:

	40.38585789952475
	40.348236864930875
	37.268297081416755
	40.21929167202995
	43.67312952949966
	40.961538421385924
	39.3714267001517
	43.37545362327602
	41.619001209976
	41.84281440996742
	43.69213234933024
	42.20758863723771
	40.26338341041539
	40.57120443155997
	44.53848758299606
	43.530963489203025
	45.13530745422009
	44.253344653740086
	43.37964108310126
	44.01491108492616
	42.58514389644763
	41.18251538662712
	43.29292903375009
	43.555840316368474
	44.915692976006625
	45.00209362340442
	42.141299804022616
	44.15257859444336
	43.44420894058381
	44.55642766799574
	45.98700551141394
	45.71985354249491
	46.21466705706073
	46.24273988799219
	45.08659777060709
	45.619363349635464
	45.68964782802975
	42.955291156722744
	45.96021802122333
	45.09555625237815
	45.895263672564546
	47.047439331908016
	47.55359835252767
	49.123196100402836
	45.9651663685925
	45.575400922852765
	46.50842837850948
	48.81876497275309
	48.315138009133335
	47.4038613594617
	47.41373410788321
	46.08584879995039
	48.16905691345563
	49.65131414946519
	48.64372532171412
	49.27159239055889
	47.070518157407655
	49.71206012372392
	48.99870079356986
	48.3032980172807
	50.76596106067909
	49.315683773340616
	52.165888725932476
	48.155215452251255
	49.79532301393854
	48.05871500590232
	49.25280954776334
	48.60686229356304
	48.852468102202536
	51.4304554241882
	50.94841035289314
	50.629119753630405
	50.652902258481554
	50.486340475426154
	50.57134610612922
	54.63512545290258
	54.22618296108186
	54.13391926357519
	53.06331702512819
	49.78831181172896
	52.94496403537659
	51.061584207868734
	51.74863159370264
	51.34111561962694
	53.470887297213295
	53.39225823910668
	53.396413521557534
	51.62057951420892
	51.05690780554309
	53.66776223678623
	54.297900136918386
	54.49895138398894
	52.235601217074894
	54.50746472059523
	53.518608558431524
	51.66437564738308
	53.44687783553618
	55.20574987591507
	54.474591912502724
	53.47236706248477

Average Time Set:

	1469.4414482884044
	1472.5072571818569
	1585.479643273782
	1507.2686744104492
	1389.8312287498118
	1455.888383633746
	1525.057075280455
	1413.048414916382
	1440.7905179244444
	1470.408223914026
	1374.2834428666704
	1438.5805465045262
	1493.9500871401954
	1481.8031592403745
	1357.7838709787143
	1379.2702134755812
	1333.4214801126266
	1354.2307659932017
	1380.2909807315364
	1351.372233569617
	1399.4105307659875
	1435.1066110221022
	1368.3459347769628
	1410.969629960014
	1338.24213853975
	1346.588293445287
	1389.094793574098
	1335.524784393934
	1380.3923315511904
	1333.8719956974053
	1303.1205535030283
	1311.506330099125
	1311.9601785239804
	1277.2980872194682
	1313.5085671984036
	1294.3846565654674
	1314.16662007421
	1378.0915938653516
	1309.0099813436564
	1328.8715139393373
	1303.443919369322
	1275.2336642648354
	1274.8477005053423
	1229.6730222512458
	1299.8716005982005
	1280.8172311518738
	1297.2818192933166
	1260.3132211901125
	1241.2358490061126
	1256.2428533133757
	1298.4713224857144
	1275.5029237659785
	1239.9725877815886
	1214.6770636343117
	1228.6675990933595
	1235.553706088567
	1259.8817753215892
	1189.2674276258467
	1214.3989875627383
	1236.348660319964
	1154.8089243636427
	1184.952527434483
	1156.332424332117
	1223.7471583176532
	1189.4307472814473
	1237.4235970819607
	1185.1793470469586
	1216.5645893694766
	1199.1889607134162
	1124.02379526502
	1147.6791165233137
	1154.1575582622836
	1199.6123994526936
	1152.1989480569193
	1171.845090510172
	1089.700131834734
	1081.919282466977
	1094.8924511899004
	1122.9504709764997
	1180.6772125170312
	1125.8721189052474
	1178.9880826837696
	1125.417280181206
	1149.0466469373985
	1112.0638867089453
	1107.6124776244583
	1076.4161598481664
	1157.3903599449602
	1154.8173905769997
	1121.0746600002374
	1070.0885798302504
	1092.6266493040703
	1100.263714329391
	1059.7417342879041
	1099.206480199148
	1129.5183261852465
	1067.2880485931373
	1076.1784254784418
	1093.7540320695066
	1112.436636521057

Bus Passengers Set:

	0.0
	114.0
	197.0
	280.0
	389.0
	515.0
	619.0
	701.0
	756.0
	894.0
	995.0
	1093.0
	1266.0
	1309.0
	1419.0
	1506.0
	1734.0
	1807.0
	1898.0
	1895.0
	2063.0
	2249.0
	2271.0
	2359.0
	2508.0
	2586.0
	2653.0
	2788.0
	2907.0
	2958.0
	3144.0
	3283.0
	3320.0
	3404.0
	3455.0
	3602.0
	3796.0
	3727.0
	3987.0
	4065.0
	4163.0
	4315.0
	4339.0
	4500.0
	4555.0
	4720.0
	4823.0
	4970.0
	4915.0
	4975.0
	5002.0
	5447.0
	5475.0
	5607.0
	5535.0
	5611.0
	5778.0
	6060.0
	6163.0
	6292.0
	6448.0
	6335.0
	6608.0
	6656.0
	6583.0
	6755.0
	6888.0
	7384.0
	7272.0
	7372.0
	7375.0
	7465.0
	7451.0
	7804.0
	7679.0
	7995.0
	8190.0
	8127.0
	8209.0
	8359.0
	8482.0
	8410.0
	8833.0
	8778.0
	8810.0
	8985.0
	9111.0
	9164.0
	9264.0
	9354.0
	9563.0
	9545.0
	9669.0
	9984.0
	10191.0
	9998.0
	10451.0
	10431.0
	10329.0
	10529.0

Car Passengers Set:

	128853.0
	128670.0
	128189.0
	128421.0
	128891.0
	128331.0
	128574.0
	129058.0
	127498.0
	128366.0
	128066.0
	128439.0
	128458.0
	128073.0
	127965.0
	128219.0
	127412.0
	128230.0
	128807.0
	128688.0
	127703.0
	126921.0
	128072.0
	127652.0
	128025.0
	127586.0
	127856.0
	127751.0
	127816.0
	127856.0
	128199.0
	127644.0
	127855.0
	127328.0
	127814.0
	128046.0
	127322.0
	128032.0
	127692.0
	127018.0
	127506.0
	127258.0
	127067.0
	127487.0
	127178.0
	126869.0
	127444.0
	126910.0
	127610.0
	126660.0
	126482.0
	127456.0
	127465.0
	127560.0
	127225.0
	126547.0
	127125.0
	125752.0
	126376.0
	127353.0
	126415.0
	126788.0
	126458.0
	126400.0
	126568.0
	127034.0
	126315.0
	126199.0
	126140.0
	126263.0
	125583.0
	126197.0
	126217.0
	126192.0
	125424.0
	126038.0
	125994.0
	125758.0
	126010.0
	126339.0
	125247.0
	125663.0
	125914.0
	125571.0
	125541.0
	125554.0
	125861.0
	125405.0
	125654.0
	124917.0
	125302.0
	125312.0
	125692.0
	125224.0
	125511.0
	125449.0
	125266.0
	124986.0
	124110.0
	124611.0

Number of Buses Set:

	0.0
	10.0
	18.0
	25.0
	36.0
	45.0
	55.0
	64.0
	73.0
	84.0
	93.0
	103.0
	111.0
	123.0
	130.0
	135.0
	149.0
	162.0
	170.0
	174.0
	184.0
	202.0
	206.0
	210.0
	227.0
	229.0
	242.0
	253.0
	261.0
	273.0
	282.0
	294.0
	307.0
	312.0
	317.0
	331.0
	340.0
	341.0
	361.0
	370.0
	381.0
	386.0
	394.0
	408.0
	415.0
	426.0
	436.0
	444.0
	450.0
	453.0
	467.0
	489.0
	495.0
	504.0
	513.0
	518.0
	529.0
	553.0
	551.0
	564.0
	578.0
	583.0
	588.0
	611.0
	609.0
	616.0
	626.0
	648.0
	654.0
	664.0
	671.0
	681.0
	691.0
	706.0
	711.0
	729.0
	731.0
	745.0
	751.0
	763.0
	772.0
	775.0
	795.0
	804.0
	806.0
	816.0
	829.0
	835.0
	844.0
	849.0
	866.0
	881.0
	894.0
	896.0
	911.0
	927.0
	931.0
	942.0
	955.0
	963.0

Number of Cars Set:

	62181.0
	62236.0
	61798.0
	61894.0
	62228.0
	61757.0
	61876.0
	62090.0
	61662.0
	61907.0
	61831.0
	61902.0
	61806.0
	61737.0
	61674.0
	61798.0
	61515.0
	61891.0
	61921.0
	61906.0
	61622.0
	61322.0
	61665.0
	61684.0
	61673.0
	61592.0
	61785.0
	61696.0
	61518.0
	61522.0
	61623.0
	61477.0
	61527.0
	61536.0
	61569.0
	61582.0
	61413.0
	61635.0
	61537.0
	61242.0
	61382.0
	61395.0
	61161.0
	61529.0
	61232.0
	61441.0
	61415.0
	61329.0
	61418.0
	61339.0
	61037.0
	61405.0
	61363.0
	61461.0
	61276.0
	61085.0
	61342.0
	60836.0
	61028.0
	61341.0
	61107.0
	61192.0
	61142.0
	60984.0
	60963.0
	61151.0
	60870.0
	60853.0
	60793.0
	60928.0
	60692.0
	60930.0
	60697.0
	61027.0
	60644.0
	60759.0
	60915.0
	60786.0
	60721.0
	60855.0
	60456.0
	60667.0
	60802.0
	60617.0
	60464.0
	60523.0
	60688.0
	60470.0
	60544.0
	60352.0
	60395.0
	60434.0
	60558.0
	60528.0
	60564.0
	60580.0
	60337.0
	60361.0
	59903.0
	60246.0

Number of Vehicles Set:

	62181.0
	62246.0
	61816.0
	61919.0
	62264.0
	61802.0
	61931.0
	62154.0
	61735.0
	61991.0
	61924.0
	62005.0
	61917.0
	61860.0
	61804.0
	61933.0
	61664.0
	62053.0
	62091.0
	62080.0
	61806.0
	61524.0
	61871.0
	61894.0
	61900.0
	61821.0
	62027.0
	61949.0
	61779.0
	61795.0
	61905.0
	61771.0
	61834.0
	61848.0
	61886.0
	61913.0
	61753.0
	61976.0
	61898.0
	61612.0
	61763.0
	61781.0
	61555.0
	61937.0
	61647.0
	61867.0
	61851.0
	61773.0
	61868.0
	61792.0
	61504.0
	61894.0
	61858.0
	61965.0
	61789.0
	61603.0
	61871.0
	61389.0
	61579.0
	61905.0
	61685.0
	61775.0
	61730.0
	61595.0
	61572.0
	61767.0
	61496.0
	61501.0
	61447.0
	61592.0
	61363.0
	61611.0
	61388.0
	61733.0
	61355.0
	61488.0
	61646.0
	61531.0
	61472.0
	61618.0
	61228.0
	61442.0
	61597.0
	61421.0
	61270.0
	61339.0
	61517.0
	61305.0
	61388.0
	61201.0
	61261.0
	61315.0
	61452.0
	61424.0
	61475.0
	61507.0
	61268.0
	61303.0
	60858.0
	61209.0

Average Distance Set:

	59509.99724996382
	59663.98004691064
	59659.258428238645
	59968.29769537622
	60046.039107670564
	59654.97797805896
	59753.03180959455
	59783.03352961998
	59683.38331578521
	59628.94181413431
	59622.902105807116
	59962.152229658896
	59904.554581132805
	59878.85239249919
	59873.90298362565
	59832.13916651866
	59640.38691943436
	59842.556798220874
	59740.905461339
	59546.322406572166
	60212.068116364106
	59852.496863012806
	59993.74574517948
	59674.23326978382
	59681.94563812601
	59806.33108490642
	60055.665903558125
	59529.47340554327
	59863.50871655417
	59868.27885751274
	59815.70877958162
	59799.215570413304
	59650.67495229162
	60016.5612792653
	59608.82936366868
	59745.888117196715
	59776.570547179894
	59924.809200335614
	59975.53685094834
	59672.540738817115
	59818.930605702444
	59858.69856428352
	59778.19666964503
	59633.336164166816
	59843.810858598146
	59810.57869300273
	59683.81723820148
	60188.21135447526
	59803.74345380488
	59721.82135227861
	60096.788176378774
	60111.04510938055
	59807.64180865854
	59888.12452190753
	59366.090129311044
	59747.482606366575
	59914.49962017746
	59940.43651142713
	59694.619578102924
	60027.18534851789
	60203.41951852152
	59869.88942128693
	59582.13853879799
	59837.55361636497
	59870.23552913662
	59286.64466462674
	59462.74933328997
	59825.45864294889
	59910.38213419695
	59671.94434342122
	59732.0670110653
	59673.619402379445
	59839.34736430573
	59762.26144849594
	59888.12910113275
	59604.107565703875
	59815.654073256985
	59779.68389917278
	59952.407697813636
	59879.95846992762
	59647.30412556347
	59734.69750333648
	59734.73381820543
	59646.936259585484
	59776.247657907625
	59774.78450903993
	59733.12399824439
	59643.92142565859
	59813.666807845184
	59890.358899364386
	59611.659506047894
	59620.96049906222
	59714.4879580811
	59842.80618325085
	59379.67995119967
	59660.79516152633
	59396.781549911866
	59829.29763633101
	59673.59280620461
	59708.353085330586

Total Passengers Set:

	128853.0
	128784.0
	128386.0
	128701.0
	129280.0
	128846.0
	129193.0
	129759.0
	128254.0
	129260.0
	129061.0
	129532.0
	129724.0
	129382.0
	129384.0
	129725.0
	129146.0
	130037.0
	130705.0
	130583.0
	129766.0
	129170.0
	130343.0
	130011.0
	130533.0
	130172.0
	130509.0
	130539.0
	130723.0
	130814.0
	131343.0
	130927.0
	131175.0
	130732.0
	131269.0
	131648.0
	131118.0
	131759.0
	131679.0
	131083.0
	131669.0
	131573.0
	131406.0
	131987.0
	131733.0
	131589.0
	132267.0
	131880.0
	132525.0
	131635.0
	131484.0
	132903.0
	132940.0
	133167.0
	132760.0
	132158.0
	132903.0
	131812.0
	132539.0
	133645.0
	132863.0
	133123.0
	133066.0
	133056.0
	133151.0
	133789.0
	133203.0
	133583.0
	133412.0
	133635.0
	132958.0
	133662.0
	133668.0
	133996.0
	133103.0
	134033.0
	134184.0
	133885.0
	134219.0
	134698.0
	133729.0
	134073.0
	134747.0
	134349.0
	134351.0
	134539.0
	134972.0
	134569.0
	134918.0
	134271.0
	134865.0
	134857.0
	135361.0
	135208.0
	135702.0
	135447.0
	135717.0
	135417.0
	134439.0
	135140.0

